Count: 1197; Prediction: 1127.8115234375; Difference: 69.1884765625; Percentage of error: 5.78015677213868 
Count: 115; Prediction: 106.12763977050781; Difference: 8.872360229492188; Percentage of error: 7.715095851732337 
Count: 263; Prediction: 134.4844512939453; Difference: 128.5155487060547; Percentage of error: 48.86522764488772 
Count: 228; Prediction: 116.37635803222656; Difference: 111.62364196777344; Percentage of error: 48.95773770516379 
Count: 1164; Prediction: 1158.8958740234375; Difference: 5.1041259765625; Percentage of error: 0.43849879523732815 
Count: 4; Prediction: 47.9067497253418; Difference: 43.9067497253418; Percentage of error: 1097.668743133545 
Count: 116; Prediction: 114.94821166992188; Difference: 1.051788330078125; Percentage of error: 0.9067140776535562 

 Average: 172.90459628290833